beta, avg_placquette_energy
0.08684880139279505, 0.0040444623007902525
0.1834069907593412, 0.00949511182536511
0.28967456809963865, 0.01493906522030275
0.3862327574661846, 0.020389714744877607
0.49236641221374056, 0.027213070845051535
0.5889246015802865, 0.0326637203696265
0.6853488683540914, 0.03949377259943765
0.781773135127896, 0.046323824829248794
0.8783313244944424, 0.05177447435382365
0.9844649792419982, 0.05859783045399769
1.0810231686085443, 0.06404847997857244
1.177447435382349, 0.07087853220838358
1.283581090129905, 0.07770188830855773
1.3800053569037092, 0.08453194053836888
1.4861390116512652, 0.09135529663854303
1.5825632784250703, 0.09818534886835417
1.678987545198875, 0.10501540109816543
1.785121199946431, 0.11183875719833936
1.8815454667202351, 0.11866880942815061
1.9778358109012986, 0.12687826436319816
2.084103388241596, 0.1323222177581359
2.1805276550154007, 0.13915226998794694
2.276684076603723, 0.148741127628231
2.3828177313512784, 0.15556448372840503
2.479241998125083, 0.1623945359582163
2.575532342306146, 0.17060399089326372
2.6815320744609616, 0.17880674969867427
2.7778224186420246, 0.1870162046337217
2.8742466854158293, 0.19384625686353285
2.9705370295968923, 0.2020557117985805
3.076536761751707, 0.21025847060399105
3.1729610285255117, 0.2170885228338022
3.269117450113833, 0.22667738047408603
3.365407794294897, 0.23488683540913358
3.4715414490424523, 0.24171019150930761
3.577541181197267, 0.24991295031471816
3.673697602785589, 0.259501807955002
3.7698540243739105, 0.26909066559528605
3.875853756528726, 0.2772934244006965
3.972144100709789, 0.28550287933574403
4.0681665997053695, 0.29647113968126426
4.174166331860183, 0.3046738984866747
4.2703227534485055, 0.31426275612695864
4.366345252444086, 0.325231016472479
4.472211062006159, 0.3348131779831259
4.5682335610017395, 0.3457814383286461
4.664122137404578, 0.35812910137940274
4.769854024373911, 0.3690906655952859
4.865608678184008, 0.382817731351279
4.961497254586847, 0.39516539440203563
4.961497254586847, 0.39516539440203563
5.0571179858042035, 0.41027186286326506
5.1624481049953115, 0.4253716351948574
5.2576670684344435, 0.44461631177179595
5.362461497254585, 0.46523369492433375
5.45701084773001, 0.49137538502745415
5.551426275612695, 0.5188964778358109
5.655952859247353, 0.5422726663988214
5.751305745279227, 0.5601379402705237
5.846926476496583, 0.575244408731753
5.952658363465915, 0.5862059729476362
6.048680862461495, 0.5971742332931566
6.154546672023569, 0.6067563948038034
6.250703093611891, 0.6163452524440873
6.347127360385695, 0.6231753046738985
6.453127092540511, 0.6313780634793089
6.549417436721574, 0.6395875184143565
6.645841703495377, 0.6464175706441676
6.742265970269182, 0.6532476228739788
6.848533547609479, 0.6586915762689165
6.945091736976026, 0.6641422257934914
7.051225391723583, 0.6709655818936654
7.14791750368287, 0.6750368287130039
7.244341770456674, 0.681866880942815
7.341033882415963, 0.6859381277621535
7.437592071782507, 0.6913887772867282
7.543993571715547, 0.6954533279764296
7.640685683674833, 0.699524574795768
7.747087183607872, 0.7035891254854694
7.843645372974419, 0.7090397750100441
7.940337484933706, 0.7131110218293826
